M	P	NP	Time
16	16	1	0.000055
16	16	1	0.000032
16	16	1	0.000057
16	16	1	0.000024
16	16	1	0.000042
16	16	1	0.000033
16	16	1	0.000023
16	16	1	0.000032
16	16	1	0.000039
16	16	1	0.000038
16	16	2	0.000404
16	16	2	0.000330
16	16	2	0.001031
16	16	2	0.000321
16	16	2	0.000296
16	16	2	0.000560
16	16	2	0.000276
16	16	2	0.000257
16	16	2	0.000485
16	16	2	0.000537
16	16	3	0.000971
16	16	3	0.000471
16	16	3	0.000600
16	16	3	0.000740
16	16	3	0.001003
16	16	3	0.000400
16	16	3	0.000420
16	16	3	0.000495
16	16	3	0.000293
16	16	3	0.000418
16	16	4	0.000657
16	16	4	0.000877
16	16	4	0.000596
16	16	4	0.000833
16	16	4	0.001074
16	16	4	0.000750
16	16	4	0.000823
16	16	4	0.000984
16	16	4	0.000581
16	16	4	0.000695
16	16	5	0.001617
16	16	5	0.001332
16	16	5	0.000834
16	16	5	0.000908
16	16	5	0.000781
16	16	5	0.001327
16	16	5	0.001060
16	16	5	0.000729
16	16	5	0.001128
16	16	5	0.001072
16	16	6	0.000981
16	16	6	0.001194
16	16	6	0.000997
16	16	6	0.001287
16	16	6	0.001715
16	16	6	0.001713
16	16	6	0.001567
16	16	6	0.001782
16	16	6	0.002520
16	16	6	0.000845
16	16	7	0.001920
16	16	7	0.001370
16	16	7	0.001277
16	16	7	0.002219
16	16	7	0.001293
16	16	7	0.002097
16	16	7	0.002168
16	16	7	0.001637
16	16	7	0.001548
16	16	7	0.000980
16	16	8	0.002480
16	16	8	0.001971
16	16	8	0.002395
16	16	8	0.002068
16	16	8	0.001929
16	16	8	0.001527
16	16	8	0.001942
16	16	8	0.002211
16	16	8	0.001446
16	16	8	0.001894
16	16	9	0.001239
16	16	9	0.001778
16	16	9	0.001285
16	16	9	0.002083
16	16	9	0.002494
16	16	9	0.001884
16	16	9	0.001935
16	16	9	0.002164
16	16	9	0.001709
16	16	9	0.001494
16	16	10	0.001621
16	16	10	0.001588
16	16	10	0.002181
16	16	10	0.001548
16	16	10	0.001832
16	16	10	0.001672
16	16	10	0.002258
16	16	10	0.002549
16	16	10	0.001339
16	16	10	0.001947
16	16	11	0.001697
16	16	11	0.002682
16	16	11	0.005186
16	16	11	0.001770
16	16	11	0.002498
16	16	11	0.001843
16	16	11	0.002293
16	16	11	0.001624
16	16	11	0.001693
16	16	11	0.002235
16	16	12	0.001768
16	16	12	0.001783
16	16	12	0.001915
16	16	12	0.002480
16	16	12	0.003644
16	16	12	0.002182
16	16	12	0.002068
16	16	12	0.002802
16	16	12	0.003138
16	16	12	0.002078
16	16	13	0.002656
16	16	13	0.003108
16	16	13	0.002105
16	16	13	0.002822
16	16	13	0.002113
16	16	13	0.002356
16	16	13	0.004062
16	16	13	0.002593
16	16	13	0.001894
16	16	13	0.002164
16	16	14	0.003098
16	16	14	0.002641
16	16	14	0.002296
16	16	14	0.003009
16	16	14	0.002238
16	16	14	0.001966
16	16	14	0.004777
16	16	14	0.002250
16	16	14	0.002329
16	16	14	0.002453
16	16	15	0.005084
16	16	15	0.004927
16	16	15	0.002829
16	16	15	0.003564
16	16	15	0.002243
16	16	15	0.002318
16	16	15	0.003065
16	16	15	0.003154
16	16	15	0.002141
16	16	15	0.002454
16	16	16	0.002193
16	16	16	0.002562
16	16	16	0.003789
16	16	16	0.003112
16	16	16	0.003887
16	16	16	0.002535
16	16	16	0.003850
16	16	16	0.004592
16	16	16	0.004459
16	16	16	0.003078
16	160	1	0.000069
16	160	1	0.000071
16	160	1	0.000070
16	160	1	0.000067
16	160	1	0.000068
16	160	1	0.000063
16	160	1	0.000071
16	160	1	0.000064
16	160	1	0.000068
16	160	1	0.000066
16	160	2	0.000365
16	160	2	0.000490
16	160	2	0.000571
16	160	2	0.000364
16	160	2	0.000403
16	160	2	0.000403
16	160	2	0.000752
16	160	2	0.000367
16	160	2	0.000646
16	160	2	0.000570
16	160	3	0.000710
16	160	3	0.000440
16	160	3	0.001048
16	160	3	0.000483
16	160	3	0.000479
16	160	3	0.000680
16	160	3	0.000732
16	160	3	0.000636
16	160	3	0.000679
16	160	3	0.001107
16	160	4	0.001099
16	160	4	0.000887
16	160	4	0.000947
16	160	4	0.001115
16	160	4	0.000777
16	160	4	0.001160
16	160	4	0.001230
16	160	4	0.000924
16	160	4	0.001019
16	160	4	0.000939
16	160	5	0.001501
16	160	5	0.001058
16	160	5	0.001564
16	160	5	0.001047
16	160	5	0.002492
16	160	5	0.000972
16	160	5	0.001080
16	160	5	0.001382
16	160	5	0.001064
16	160	5	0.001607
16	160	6	0.001390
16	160	6	0.001986
16	160	6	0.002051
16	160	6	0.002434
16	160	6	0.001476
16	160	6	0.002806
16	160	6	0.001563
16	160	6	0.001508
16	160	6	0.001394
16	160	6	0.001929
16	160	7	0.001817
16	160	7	0.002307
16	160	7	0.001939
16	160	7	0.001587
16	160	7	0.002918
16	160	7	0.001797
16	160	7	0.002135
16	160	7	0.002282
16	160	7	0.001634
16	160	7	0.001663
16	160	8	0.002127
16	160	8	0.002000
16	160	8	0.002178
16	160	8	0.002274
16	160	8	0.001876
16	160	8	0.002293
16	160	8	0.001939
16	160	8	0.002291
16	160	8	0.002249
16	160	8	0.002515
16	160	9	0.002202
16	160	9	0.003524
16	160	9	0.003255
16	160	9	0.002089
16	160	9	0.001798
16	160	9	0.002426
16	160	9	0.002519
16	160	9	0.002221
16	160	9	0.002803
16	160	9	0.002464
16	160	10	0.002009
16	160	10	0.003228
16	160	10	0.003288
16	160	10	0.002759
16	160	10	0.002323
16	160	10	0.003118
16	160	10	0.002309
16	160	10	0.002200
16	160	10	0.002101
16	160	10	0.002090
16	160	11	0.003079
16	160	11	0.002532
16	160	11	0.002691
16	160	11	0.002486
16	160	11	0.002763
16	160	11	0.003337
16	160	11	0.003306
16	160	11	0.002379
16	160	11	0.002253
16	160	11	0.002819
16	160	12	0.002561
16	160	12	0.002468
16	160	12	0.003762
16	160	12	0.003451
16	160	12	0.002962
16	160	12	0.002513
16	160	12	0.003480
16	160	12	0.003999
16	160	12	0.003517
16	160	12	0.002887
16	160	13	0.002641
16	160	13	0.003049
16	160	13	0.002587
16	160	13	0.003456
16	160	13	0.004664
16	160	13	0.003366
16	160	13	0.002801
16	160	13	0.002668
16	160	13	0.002624
16	160	13	0.002819
16	160	14	0.003293
16	160	14	0.003381
16	160	14	0.003143
16	160	14	0.002990
16	160	14	0.003489
16	160	14	0.003847
16	160	14	0.003157
16	160	14	0.003386
16	160	14	0.003593
16	160	14	0.003325
16	160	15	0.003196
16	160	15	0.003273
16	160	15	0.003124
16	160	15	0.003194
16	160	15	0.004781
16	160	15	0.004831
16	160	15	0.003461
16	160	15	0.003284
16	160	15	0.004208
16	160	15	0.003156
16	160	16	0.004155
16	160	16	0.004333
16	160	16	0.003638
16	160	16	0.003940
16	160	16	0.004650
16	160	16	0.003273
16	160	16	0.004493
16	160	16	0.004037
16	160	16	0.003480
16	160	16	0.006560
16	1600	1	0.000699
16	1600	1	0.000548
16	1600	1	0.000539
16	1600	1	0.000541
16	1600	1	0.000544
16	1600	1	0.000563
16	1600	1	0.000529
16	1600	1	0.000507
16	1600	1	0.000511
16	1600	1	0.000542
16	1600	2	0.001225
16	1600	2	0.001827
16	1600	2	0.001277
16	1600	2	0.001237
16	1600	2	0.001004
16	1600	2	0.000996
16	1600	2	0.001079
16	1600	2	0.001154
16	1600	2	0.001027
16	1600	2	0.001132
16	1600	3	0.001826
16	1600	3	0.002246
16	1600	3	0.001391
16	1600	3	0.002748
16	1600	3	0.001651
16	1600	3	0.001881
16	1600	3	0.002126
16	1600	3	0.002040
16	1600	3	0.001997
16	1600	3	0.002006
16	1600	4	0.002159
16	1600	4	0.002385
16	1600	4	0.002522
16	1600	4	0.002174
16	1600	4	0.002291
16	1600	4	0.001846
16	1600	4	0.002026
16	1600	4	0.001970
16	1600	4	0.002126
16	1600	4	0.002673
16	1600	5	0.003104
16	1600	5	0.002579
16	1600	5	0.003607
16	1600	5	0.002507
16	1600	5	0.002127
16	1600	5	0.002714
16	1600	5	0.002122
16	1600	5	0.002385
16	1600	5	0.002654
16	1600	5	0.003130
16	1600	6	0.003100
16	1600	6	0.002644
16	1600	6	0.003914
16	1600	6	0.002959
16	1600	6	0.002688
16	1600	6	0.002995
16	1600	6	0.002680
16	1600	6	0.003272
16	1600	6	0.003042
16	1600	6	0.003183
16	1600	7	0.003750
16	1600	7	0.003400
16	1600	7	0.003067
16	1600	7	0.003268
16	1600	7	0.003265
16	1600	7	0.003419
16	1600	7	0.003125
16	1600	7	0.003750
16	1600	7	0.004430
16	1600	7	0.003375
16	1600	8	0.004551
16	1600	8	0.004113
16	1600	8	0.003512
16	1600	8	0.004825
16	1600	8	0.003495
16	1600	8	0.003660
16	1600	8	0.004129
16	1600	8	0.004001
16	1600	8	0.004643
16	1600	8	0.004170
16	1600	9	0.004656
16	1600	9	0.004071
16	1600	9	0.004818
16	1600	9	0.003329
16	1600	9	0.005049
16	1600	9	0.004369
16	1600	9	0.004295
16	1600	9	0.003775
16	1600	9	0.004359
16	1600	9	0.004452
16	1600	10	0.004788
16	1600	10	0.004993
16	1600	10	0.004675
16	1600	10	0.004351
16	1600	10	0.004089
16	1600	10	0.004591
16	1600	10	0.005184
16	1600	10	0.004852
16	1600	10	0.005414
16	1600	10	0.004564
16	1600	11	0.005322
16	1600	11	0.004709
16	1600	11	0.004678
16	1600	11	0.004720
16	1600	11	0.004583
16	1600	11	0.005618
16	1600	11	0.004902
16	1600	11	0.004614
16	1600	11	0.006283
16	1600	11	0.005275
16	1600	12	0.005270
16	1600	12	0.004774
16	1600	12	0.005186
16	1600	12	0.004753
16	1600	12	0.004856
16	1600	12	0.007137
16	1600	12	0.005713
16	1600	12	0.006078
16	1600	12	0.005317
16	1600	12	0.006078
16	1600	13	0.006697
16	1600	13	0.005195
16	1600	13	0.005485
16	1600	13	0.006912
16	1600	13	0.006084
16	1600	13	0.005470
16	1600	13	0.006190
16	1600	13	0.007341
16	1600	13	0.006231
16	1600	13	0.005399
16	1600	14	0.005731
16	1600	14	0.006249
16	1600	14	0.006710
16	1600	14	0.005994
16	1600	14	0.007750
16	1600	14	0.005889
16	1600	14	0.006403
16	1600	14	0.006725
16	1600	14	0.005858
16	1600	14	0.006710
16	1600	15	0.008659
16	1600	15	0.006700
16	1600	15	0.005928
16	1600	15	0.005605
16	1600	15	0.006006
16	1600	15	0.006032
16	1600	15	0.006113
16	1600	15	0.008353
16	1600	15	0.006668
16	1600	15	0.007062
16	1600	16	0.006737
16	1600	16	0.007860
16	1600	16	0.009166
16	1600	16	0.006669
16	1600	16	0.006717
16	1600	16	0.006807
16	1600	16	0.007694
16	1600	16	0.006876
16	1600	16	0.016487
16	1600	16	0.011744
160	16	1	0.000072
160	16	1	0.000072
160	16	1	0.000073
160	16	1	0.000138
160	16	1	0.000231
160	16	1	0.000083
160	16	1	0.000076
160	16	1	0.000102
160	16	1	0.000068
160	16	1	0.000068
160	16	2	0.000293
160	16	2	0.000299
160	16	2	0.000402
160	16	2	0.000365
160	16	2	0.000435
160	16	2	0.000396
160	16	2	0.000388
160	16	2	0.000429
160	16	2	0.000473
160	16	2	0.000379
160	16	3	0.000447
160	16	3	0.000419
160	16	3	0.000440
160	16	3	0.000877
160	16	3	0.000386
160	16	3	0.000382
160	16	3	0.000437
160	16	3	0.000902
160	16	3	0.000503
160	16	3	0.000784
160	16	4	0.000662
160	16	4	0.000645
160	16	4	0.000858
160	16	4	0.000888
160	16	4	0.000708
160	16	4	0.000670
160	16	4	0.000728
160	16	4	0.001516
160	16	4	0.001636
160	16	4	0.001181
160	16	5	0.001236
160	16	5	0.001148
160	16	5	0.001505
160	16	5	0.000755
160	16	5	0.000733
160	16	5	0.000911
160	16	5	0.001547
160	16	5	0.001004
160	16	5	0.000773
160	16	5	0.001180
160	16	6	0.001330
160	16	6	0.001139
160	16	6	0.001414
160	16	6	0.001069
160	16	6	0.001225
160	16	6	0.001810
160	16	6	0.001150
160	16	6	0.001142
160	16	6	0.001321
160	16	6	0.001183
160	16	7	0.001128
160	16	7	0.001366
160	16	7	0.001944
160	16	7	0.001178
160	16	7	0.001498
160	16	7	0.001488
160	16	7	0.002213
160	16	7	0.001316
160	16	7	0.002309
160	16	7	0.001211
160	16	8	0.002903
160	16	8	0.001344
160	16	8	0.001317
160	16	8	0.001712
160	16	8	0.001594
160	16	8	0.001790
160	16	8	0.001694
160	16	8	0.002395
160	16	8	0.001590
160	16	8	0.001295
160	16	9	0.001741
160	16	9	0.001255
160	16	9	0.001615
160	16	9	0.001825
160	16	9	0.002750
160	16	9	0.001557
160	16	9	0.001660
160	16	9	0.002339
160	16	9	0.002245
160	16	9	0.001582
160	16	10	0.001520
160	16	10	0.001879
160	16	10	0.001596
160	16	10	0.002004
160	16	10	0.002450
160	16	10	0.003550
160	16	10	0.001649
160	16	10	0.002246
160	16	10	0.001722
160	16	10	0.001583
160	16	11	0.001546
160	16	11	0.001566
160	16	11	0.001543
160	16	11	0.003164
160	16	11	0.002089
160	16	11	0.001611
160	16	11	0.002353
160	16	11	0.003539
160	16	11	0.001593
160	16	11	0.001604
160	16	12	0.003536
160	16	12	0.001793
160	16	12	0.003089
160	16	12	0.003709
160	16	12	0.002359
160	16	12	0.004050
160	16	12	0.002186
160	16	12	0.002124
160	16	12	0.001950
160	16	12	0.003006
160	16	13	0.004066
160	16	13	0.002849
160	16	13	0.002977
160	16	13	0.001891
160	16	13	0.002794
160	16	13	0.001909
160	16	13	0.001897
160	16	13	0.002399
160	16	13	0.002031
160	16	13	0.002021
160	16	14	0.001906
160	16	14	0.002217
160	16	14	0.003042
160	16	14	0.002201
160	16	14	0.002057
160	16	14	0.002081
160	16	14	0.002104
160	16	14	0.002458
160	16	14	0.002022
160	16	14	0.002364
160	16	15	0.002997
160	16	15	0.002395
160	16	15	0.002068
160	16	15	0.002244
160	16	15	0.002613
160	16	15	0.004023
160	16	15	0.002312
160	16	15	0.002360
160	16	15	0.001993
160	16	15	0.002686
160	16	16	0.002676
160	16	16	0.002637
160	16	16	0.004263
160	16	16	0.004366
160	16	16	0.003155
160	16	16	0.002352
160	16	16	0.002939
160	16	16	0.006037
160	16	16	0.002816
160	16	16	0.005111
160	160	1	0.000586
160	160	1	0.000512
160	160	1	0.000486
160	160	1	0.000691
160	160	1	0.000502
160	160	1	0.000501
160	160	1	0.000516
160	160	1	0.000498
160	160	1	0.000607
160	160	1	0.000542
160	160	2	0.000657
160	160	2	0.000693
160	160	2	0.000685
160	160	2	0.000663
160	160	2	0.000862
160	160	2	0.000706
160	160	2	0.000614
160	160	2	0.000734
160	160	2	0.000594
160	160	2	0.001205
160	160	3	0.000847
160	160	3	0.000953
160	160	3	0.001218
160	160	3	0.000745
160	160	3	0.000592
160	160	3	0.000747
160	160	3	0.000839
160	160	3	0.000704
160	160	3	0.000612
160	160	3	0.000931
160	160	4	0.000866
160	160	4	0.000932
160	160	4	0.001730
160	160	4	0.001072
160	160	4	0.000897
160	160	4	0.001154
160	160	4	0.001607
160	160	4	0.000938
160	160	4	0.001320
160	160	4	0.001120
160	160	5	0.001256
160	160	5	0.002059
160	160	5	0.001863
160	160	5	0.001278
160	160	5	0.002255
160	160	5	0.002155
160	160	5	0.001542
160	160	5	0.001234
160	160	5	0.002112
160	160	5	0.001254
160	160	6	0.001564
160	160	6	0.001714
160	160	6	0.001515
160	160	6	0.001660
160	160	6	0.002271
160	160	6	0.001384
160	160	6	0.001471
160	160	6	0.001609
160	160	6	0.001602
160	160	6	0.002403
160	160	7	0.002586
160	160	7	0.002295
160	160	7	0.001912
160	160	7	0.001748
160	160	7	0.002542
160	160	7	0.001924
160	160	7	0.002450
160	160	7	0.002100
160	160	7	0.001775
160	160	7	0.001776
160	160	8	0.002381
160	160	8	0.002294
160	160	8	0.002336
160	160	8	0.002045
160	160	8	0.002332
160	160	8	0.003141
160	160	8	0.002081
160	160	8	0.002569
160	160	8	0.002341
160	160	8	0.002444
160	160	9	0.001866
160	160	9	0.002845
160	160	9	0.002793
160	160	9	0.002383
160	160	9	0.003010
160	160	9	0.002294
160	160	9	0.002203
160	160	9	0.002835
160	160	9	0.002931
160	160	9	0.002524
160	160	10	0.002501
160	160	10	0.002752
160	160	10	0.002342
160	160	10	0.002556
160	160	10	0.003045
160	160	10	0.002110
160	160	10	0.002694
160	160	10	0.001967
160	160	10	0.003564
160	160	10	0.002338
160	160	11	0.002859
160	160	11	0.002355
160	160	11	0.003349
160	160	11	0.002461
160	160	11	0.002591
160	160	11	0.002748
160	160	11	0.003865
160	160	11	0.003604
160	160	11	0.002620
160	160	11	0.003566
160	160	12	0.003244
160	160	12	0.003430
160	160	12	0.002776
160	160	12	0.002592
160	160	12	0.002592
160	160	12	0.003594
160	160	12	0.003736
160	160	12	0.003742
160	160	12	0.002705
160	160	12	0.002808
160	160	13	0.002692
160	160	13	0.002707
160	160	13	0.002963
160	160	13	0.002836
160	160	13	0.004200
160	160	13	0.002719
160	160	13	0.002764
160	160	13	0.003479
160	160	13	0.004726
160	160	13	0.002619
160	160	14	0.003204
160	160	14	0.003773
160	160	14	0.003321
160	160	14	0.004777
160	160	14	0.003103
160	160	14	0.003132
160	160	14	0.003037
160	160	14	0.003478
160	160	14	0.003193
160	160	14	0.002880
160	160	15	0.002947
160	160	15	0.003906
160	160	15	0.003107
160	160	15	0.002996
160	160	15	0.003426
160	160	15	0.003944
160	160	15	0.003421
160	160	15	0.003106
160	160	15	0.003462
160	160	15	0.003387
160	160	16	0.003830
160	160	16	0.003636
160	160	16	0.003231
160	160	16	0.005021
160	160	16	0.003666
160	160	16	0.003460
160	160	16	0.003666
160	160	16	0.006304
160	160	16	0.004891
160	160	16	0.003927
160	1600	1	0.005348
160	1600	1	0.005651
160	1600	1	0.005663
160	1600	1	0.006150
160	1600	1	0.005825
160	1600	1	0.005414
160	1600	1	0.005504
160	1600	1	0.005928
160	1600	1	0.005389
160	1600	1	0.005860
160	1600	2	0.003560
160	1600	2	0.004035
160	1600	2	0.004891
160	1600	2	0.003913
160	1600	2	0.004053
160	1600	2	0.004290
160	1600	2	0.003798
160	1600	2	0.003857
160	1600	2	0.004296
160	1600	2	0.004156
160	1600	3	0.003233
160	1600	3	0.003790
160	1600	3	0.003217
160	1600	3	0.003590
160	1600	3	0.003335
160	1600	3	0.003255
160	1600	3	0.003365
160	1600	3	0.004051
160	1600	3	0.003534
160	1600	3	0.004019
160	1600	4	0.003377
160	1600	4	0.003474
160	1600	4	0.003283
160	1600	4	0.003461
160	1600	4	0.004521
160	1600	4	0.003505
160	1600	4	0.003336
160	1600	4	0.004225
160	1600	4	0.003416
160	1600	4	0.003157
160	1600	5	0.003460
160	1600	5	0.003348
160	1600	5	0.003980
160	1600	5	0.003498
160	1600	5	0.004157
160	1600	5	0.003804
160	1600	5	0.004509
160	1600	5	0.003534
160	1600	5	0.003221
160	1600	5	0.004336
160	1600	6	0.004374
160	1600	6	0.004136
160	1600	6	0.004080
160	1600	6	0.003647
160	1600	6	0.004399
160	1600	6	0.003747
160	1600	6	0.004295
160	1600	6	0.004573
160	1600	6	0.005217
160	1600	6	0.003942
160	1600	7	0.003573
160	1600	7	0.003843
160	1600	7	0.003928
160	1600	7	0.004567
160	1600	7	0.004727
160	1600	7	0.003925
160	1600	7	0.004994
160	1600	7	0.004340
160	1600	7	0.004569
160	1600	7	0.004328
160	1600	8	0.005954
160	1600	8	0.005234
160	1600	8	0.005372
160	1600	8	0.006064
160	1600	8	0.005291
160	1600	8	0.005186
160	1600	8	0.004900
160	1600	8	0.005923
160	1600	8	0.005790
160	1600	8	0.005140
160	1600	9	0.006914
160	1600	9	0.005136
160	1600	9	0.006545
160	1600	9	0.005713
160	1600	9	0.005297
160	1600	9	0.005061
160	1600	9	0.005135
160	1600	9	0.005762
160	1600	9	0.004396
160	1600	9	0.004727
160	1600	10	0.005102
160	1600	10	0.005147
160	1600	10	0.005474
160	1600	10	0.005619
160	1600	10	0.005605
160	1600	10	0.004957
160	1600	10	0.005539
160	1600	10	0.006282
160	1600	10	0.006404
160	1600	10	0.005520
160	1600	11	0.007537
160	1600	11	0.008464
160	1600	11	0.006089
160	1600	11	0.006046
160	1600	11	0.007648
160	1600	11	0.007673
160	1600	11	0.005883
160	1600	11	0.007323
160	1600	11	0.006702
160	1600	11	0.008001
160	1600	12	0.006477
160	1600	12	0.006090
160	1600	12	0.007329
160	1600	12	0.006588
160	1600	12	0.007060
160	1600	12	0.007218
160	1600	12	0.006495
160	1600	12	0.007061
160	1600	12	0.006696
160	1600	12	0.005873
160	1600	13	0.006955
160	1600	13	0.006790
160	1600	13	0.007158
160	1600	13	0.006665
160	1600	13	0.006797
160	1600	13	0.006942
160	1600	13	0.007502
160	1600	13	0.006428
160	1600	13	0.007997
160	1600	13	0.008219
160	1600	14	0.007581
160	1600	14	0.008191
160	1600	14	0.007521
160	1600	14	0.007491
160	1600	14	0.006854
160	1600	14	0.008098
160	1600	14	0.006766
160	1600	14	0.007320
160	1600	14	0.006698
160	1600	14	0.007665
160	1600	15	0.007837
160	1600	15	0.009775
160	1600	15	0.007761
160	1600	15	0.008722
160	1600	15	0.009091
160	1600	15	0.008744
160	1600	15	0.007329
160	1600	15	0.009266
160	1600	15	0.008141
160	1600	15	0.006676
160	1600	16	0.009666
160	1600	16	0.009592
160	1600	16	0.011620
160	1600	16	0.011112
160	1600	16	0.007858
160	1600	16	0.011189
160	1600	16	0.009059
160	1600	16	0.012183
160	1600	16	0.009203
160	1600	16	0.009382
1600	16	1	0.000485
1600	16	1	0.000543
1600	16	1	0.000483
1600	16	1	0.000491
1600	16	1	0.000493
1600	16	1	0.000495
1600	16	1	0.000723
1600	16	1	0.000479
1600	16	1	0.000504
1600	16	1	0.000504
1600	16	2	0.000573
1600	16	2	0.000632
1600	16	2	0.000565
1600	16	2	0.000703
1600	16	2	0.000731
1600	16	2	0.000521
1600	16	2	0.000554
1600	16	2	0.000720
1600	16	2	0.000603
1600	16	2	0.000849
1600	16	3	0.000844
1600	16	3	0.000595
1600	16	3	0.000648
1600	16	3	0.000550
1600	16	3	0.001005
1600	16	3	0.000545
1600	16	3	0.000910
1600	16	3	0.000615
1600	16	3	0.000986
1600	16	3	0.000893
1600	16	4	0.001065
1600	16	4	0.000864
1600	16	4	0.001097
1600	16	4	0.001638
1600	16	4	0.001265
1600	16	4	0.001675
1600	16	4	0.000735
1600	16	4	0.000788
1600	16	4	0.001056
1600	16	4	0.001071
1600	16	5	0.001781
1600	16	5	0.001107
1600	16	5	0.000919
1600	16	5	0.001388
1600	16	5	0.001401
1600	16	5	0.001378
1600	16	5	0.001310
1600	16	5	0.001186
1600	16	5	0.001208
1600	16	5	0.002472
1600	16	6	0.002476
1600	16	6	0.001379
1600	16	6	0.002242
1600	16	6	0.001459
1600	16	6	0.001575
1600	16	6	0.001709
1600	16	6	0.001429
1600	16	6	0.001276
1600	16	6	0.001261
1600	16	6	0.002280
1600	16	7	0.002450
1600	16	7	0.002779
1600	16	7	0.002920
1600	16	7	0.001535
1600	16	7	0.001365
1600	16	7	0.001504
1600	16	7	0.001473
1600	16	7	0.001222
1600	16	7	0.001643
1600	16	7	0.001368
1600	16	8	0.001612
1600	16	8	0.002204
1600	16	8	0.001391
1600	16	8	0.001854
1600	16	8	0.001440
1600	16	8	0.002261
1600	16	8	0.001435
1600	16	8	0.001741
1600	16	8	0.001650
1600	16	8	0.001943
1600	16	9	0.001762
1600	16	9	0.001918
1600	16	9	0.002736
1600	16	9	0.001748
1600	16	9	0.001774
1600	16	9	0.001915
1600	16	9	0.002049
1600	16	9	0.002087
1600	16	9	0.002068
1600	16	9	0.002442
1600	16	10	0.003319
1600	16	10	0.001738
1600	16	10	0.001482
1600	16	10	0.001857
1600	16	10	0.002608
1600	16	10	0.001827
1600	16	10	0.002310
1600	16	10	0.001952
1600	16	10	0.002113
1600	16	10	0.002902
1600	16	11	0.004821
1600	16	11	0.002032
1600	16	11	0.001667
1600	16	11	0.001680
1600	16	11	0.002057
1600	16	11	0.002294
1600	16	11	0.001710
1600	16	11	0.002125
1600	16	11	0.003715
1600	16	11	0.001767
1600	16	12	0.001902
1600	16	12	0.002835
1600	16	12	0.002439
1600	16	12	0.001924
1600	16	12	0.002595
1600	16	12	0.004456
1600	16	12	0.002226
1600	16	12	0.004034
1600	16	12	0.002225
1600	16	12	0.002777
1600	16	13	0.002453
1600	16	13	0.002438
1600	16	13	0.001925
1600	16	13	0.002504
1600	16	13	0.002090
1600	16	13	0.003328
1600	16	13	0.002611
1600	16	13	0.004542
1600	16	13	0.002928
1600	16	13	0.002423
1600	16	14	0.002118
1600	16	14	0.002024
1600	16	14	0.003198
1600	16	14	0.002206
1600	16	14	0.002151
1600	16	14	0.002619
1600	16	14	0.002422
1600	16	14	0.002234
1600	16	14	0.002357
1600	16	14	0.002263
1600	16	15	0.002146
1600	16	15	0.004385
1600	16	15	0.002655
1600	16	15	0.002323
1600	16	15	0.002303
1600	16	15	0.002528
1600	16	15	0.002904
1600	16	15	0.002289
1600	16	15	0.002492
1600	16	15	0.002274
1600	16	16	0.002320
1600	16	16	0.002816
1600	16	16	0.003243
1600	16	16	0.002452
1600	16	16	0.002613
1600	16	16	0.002627
1600	16	16	0.002621
1600	16	16	0.002939
1600	16	16	0.002613
1600	16	16	0.006422
1600	160	1	0.004720
1600	160	1	0.004931
1600	160	1	0.004733
1600	160	1	0.004848
1600	160	1	0.004822
1600	160	1	0.004759
1600	160	1	0.004677
1600	160	1	0.006196
1600	160	1	0.004784
1600	160	1	0.004787
1600	160	2	0.002825
1600	160	2	0.002791
1600	160	2	0.003013
1600	160	2	0.002906
1600	160	2	0.002806
1600	160	2	0.004508
1600	160	2	0.002795
1600	160	2	0.002782
1600	160	2	0.002770
1600	160	2	0.002793
1600	160	3	0.002445
1600	160	3	0.002726
1600	160	3	0.003214
1600	160	3	0.002107
1600	160	3	0.002439
1600	160	3	0.002195
1600	160	3	0.002270
1600	160	3	0.002258
1600	160	3	0.002343
1600	160	3	0.003201
1600	160	4	0.001962
1600	160	4	0.002299
1600	160	4	0.002378
1600	160	4	0.003540
1600	160	4	0.002994
1600	160	4	0.002093
1600	160	4	0.002168
1600	160	4	0.002830
1600	160	4	0.002127
1600	160	4	0.001978
1600	160	5	0.002285
1600	160	5	0.002245
1600	160	5	0.002970
1600	160	5	0.002585
1600	160	5	0.002059
1600	160	5	0.002056
1600	160	5	0.002245
1600	160	5	0.003209
1600	160	5	0.003021
1600	160	5	0.002867
1600	160	6	0.004120
1600	160	6	0.003121
1600	160	6	0.002293
1600	160	6	0.003438
1600	160	6	0.002739
1600	160	6	0.002302
1600	160	6	0.002373
1600	160	6	0.002830
1600	160	6	0.003211
1600	160	6	0.003533
1600	160	7	0.002857
1600	160	7	0.002217
1600	160	7	0.002636
1600	160	7	0.003415
1600	160	7	0.002816
1600	160	7	0.002432
1600	160	7	0.004210
1600	160	7	0.002490
1600	160	7	0.002947
1600	160	7	0.003386
1600	160	8	0.003268
1600	160	8	0.002962
1600	160	8	0.002999
1600	160	8	0.003282
1600	160	8	0.002813
1600	160	8	0.003264
1600	160	8	0.003084
1600	160	8	0.002663
1600	160	8	0.002855
1600	160	8	0.003011
1600	160	9	0.003026
1600	160	9	0.003179
1600	160	9	0.002774
1600	160	9	0.003580
1600	160	9	0.003348
1600	160	9	0.003855
1600	160	9	0.002975
1600	160	9	0.003068
1600	160	9	0.003954
1600	160	9	0.003000
1600	160	10	0.004373
1600	160	10	0.004673
1600	160	10	0.003539
1600	160	10	0.004290
1600	160	10	0.003262
1600	160	10	0.003183
1600	160	10	0.003126
1600	160	10	0.003325
1600	160	10	0.003333
1600	160	10	0.003484
1600	160	11	0.004188
1600	160	11	0.003413
1600	160	11	0.004968
1600	160	11	0.004313
1600	160	11	0.004771
1600	160	11	0.003644
1600	160	11	0.003458
1600	160	11	0.003275
1600	160	11	0.003341
1600	160	11	0.003647
1600	160	12	0.005496
1600	160	12	0.003922
1600	160	12	0.005461
1600	160	12	0.003782
1600	160	12	0.003901
1600	160	12	0.003895
1600	160	12	0.004035
1600	160	12	0.003860
1600	160	12	0.004931
1600	160	12	0.003563
1600	160	13	0.005995
1600	160	13	0.004032
1600	160	13	0.004105
1600	160	13	0.005236
1600	160	13	0.003694
1600	160	13	0.005171
1600	160	13	0.004096
1600	160	13	0.004375
1600	160	13	0.003926
1600	160	13	0.003893
1600	160	14	0.004961
1600	160	14	0.006075
1600	160	14	0.004015
1600	160	14	0.003968
1600	160	14	0.004699
1600	160	14	0.004345
1600	160	14	0.004090
1600	160	14	0.004180
1600	160	14	0.004304
1600	160	14	0.004486
1600	160	15	0.004147
1600	160	15	0.004442
1600	160	15	0.004559
1600	160	15	0.004639
1600	160	15	0.005144
1600	160	15	0.004265
1600	160	15	0.004440
1600	160	15	0.004787
1600	160	15	0.005834
1600	160	15	0.004107
1600	160	16	0.006987
1600	160	16	0.008611
1600	160	16	0.007836
1600	160	16	0.005085
1600	160	16	0.009643
1600	160	16	0.004611
1600	160	16	0.004626
1600	160	16	0.005307
1600	160	16	0.006121
1600	160	16	0.004682
1600	1600	1	0.063688
1600	1600	1	0.064411
1600	1600	1	0.061409
1600	1600	1	0.061769
1600	1600	1	0.061698
1600	1600	1	0.060858
1600	1600	1	0.062507
1600	1600	1	0.061638
1600	1600	1	0.062051
1600	1600	1	0.062352
1600	1600	2	0.029933
1600	1600	2	0.029664
1600	1600	2	0.028423
1600	1600	2	0.028957
1600	1600	2	0.028584
1600	1600	2	0.033509
1600	1600	2	0.028928
1600	1600	2	0.028356
1600	1600	2	0.029016
1600	1600	2	0.028802
1600	1600	3	0.021859
1600	1600	3	0.022730
1600	1600	3	0.020494
1600	1600	3	0.020785
1600	1600	3	0.020249
1600	1600	3	0.020804
1600	1600	3	0.019955
1600	1600	3	0.021692
1600	1600	3	0.020431
1600	1600	3	0.021796
1600	1600	4	0.016449
1600	1600	4	0.023768
1600	1600	4	0.016834
1600	1600	4	0.016992
1600	1600	4	0.022865
1600	1600	4	0.022736
1600	1600	4	0.017316
1600	1600	4	0.023620
1600	1600	4	0.017591
1600	1600	4	0.016445
1600	1600	5	0.019035
1600	1600	5	0.014616
1600	1600	5	0.021367
1600	1600	5	0.014366
1600	1600	5	0.017531
1600	1600	5	0.014686
1600	1600	5	0.017028
1600	1600	5	0.014663
1600	1600	5	0.014620
1600	1600	5	0.020004
1600	1600	6	0.017531
1600	1600	6	0.017297
1600	1600	6	0.013140
1600	1600	6	0.017087
1600	1600	6	0.018268
1600	1600	6	0.014398
1600	1600	6	0.017785
1600	1600	6	0.017395
1600	1600	6	0.014053
1600	1600	6	0.014030
1600	1600	7	0.016268
1600	1600	7	0.015476
1600	1600	7	0.015747
1600	1600	7	0.014396
1600	1600	7	0.015702
1600	1600	7	0.012841
1600	1600	7	0.012954
1600	1600	7	0.012826
1600	1600	7	0.018453
1600	1600	7	0.016316
1600	1600	8	0.014786
1600	1600	8	0.014969
1600	1600	8	0.014235
1600	1600	8	0.015699
1600	1600	8	0.015242
1600	1600	8	0.014891
1600	1600	8	0.014289
1600	1600	8	0.015452
1600	1600	8	0.013845
1600	1600	8	0.015241
1600	1600	9	0.014692
1600	1600	9	0.014421
1600	1600	9	0.015545
1600	1600	9	0.014612
1600	1600	9	0.014356
1600	1600	9	0.014401
1600	1600	9	0.014522
1600	1600	9	0.014057
1600	1600	9	0.014687
1600	1600	9	0.013914
1600	1600	10	0.015727
1600	1600	10	0.014227
1600	1600	10	0.013003
1600	1600	10	0.013289
1600	1600	10	0.014477
1600	1600	10	0.013983
1600	1600	10	0.013541
1600	1600	10	0.013795
1600	1600	10	0.014191
1600	1600	10	0.015436
1600	1600	11	0.017723
1600	1600	11	0.014857
1600	1600	11	0.034524
1600	1600	11	0.015520
1600	1600	11	0.019063
1600	1600	11	0.013855
1600	1600	11	0.014645
1600	1600	11	0.013516
1600	1600	11	0.019960
1600	1600	11	0.017468
1600	1600	12	0.017498
1600	1600	12	0.016353
1600	1600	12	0.016205
1600	1600	12	0.013704
1600	1600	12	0.013190
1600	1600	12	0.013122
1600	1600	12	0.015691
1600	1600	12	0.013520
1600	1600	12	0.012900
1600	1600	12	0.013286
1600	1600	13	0.013171
1600	1600	13	0.015617
1600	1600	13	0.014851
1600	1600	13	0.013634
1600	1600	13	0.013538
1600	1600	13	0.013234
1600	1600	13	0.014153
1600	1600	13	0.012998
1600	1600	13	0.013173
1600	1600	13	0.012586
1600	1600	14	0.014091
1600	1600	14	0.012662
1600	1600	14	0.014055
1600	1600	14	0.013107
1600	1600	14	0.013733
1600	1600	14	0.013082
1600	1600	14	0.013165
1600	1600	14	0.012910
1600	1600	14	0.012891
1600	1600	14	0.014092
1600	1600	15	0.013581
1600	1600	15	0.014216
1600	1600	15	0.017485
1600	1600	15	0.014355
1600	1600	15	0.013451
1600	1600	15	0.013661
1600	1600	15	0.013780
1600	1600	15	0.014238
1600	1600	15	0.013152
1600	1600	15	0.013280
1600	1600	16	0.015446
1600	1600	16	0.013847
1600	1600	16	0.013572
1600	1600	16	0.014297
1600	1600	16	0.014345
1600	1600	16	0.013492
1600	1600	16	0.018002
1600	1600	16	0.014070
1600	1600	16	0.013749
1600	1600	16	0.013670
