M	P	NP	Time
16	16	1	0.000029
16	16	1	0.000040
16	16	1	0.000033
16	16	1	0.000041
16	16	1	0.000029
16	16	1	0.000029
16	16	1	0.000034
16	16	1	0.000030
16	16	1	0.000041
16	16	1	0.000030
16	16	2	0.001141
16	16	2	0.000447
16	16	2	0.000485
16	16	2	0.000435
16	16	2	0.000277
16	16	2	0.000307
16	16	2	0.000394
16	16	2	0.000511
16	16	2	0.000268
16	16	2	0.000507
16	16	3	0.000887
16	16	3	0.000896
16	16	3	0.001012
16	16	3	0.000426
16	16	3	0.000826
16	16	3	0.000425
16	16	3	0.000459
16	16	3	0.000625
16	16	3	0.000324
16	16	3	0.000521
16	16	4	0.002368
16	16	4	0.000462
16	16	4	0.000996
16	16	4	0.000426
16	16	4	0.000765
16	16	4	0.000554
16	16	4	0.001469
16	16	4	0.000682
16	16	4	0.000475
16	16	4	0.000799
16	16	5	0.001420
16	16	5	0.001572
16	16	5	0.000664
16	16	5	0.000539
16	16	5	0.001047
16	16	5	0.001312
16	16	5	0.000784
16	16	5	0.001002
16	16	5	0.001545
16	16	5	0.001128
16	16	6	0.001244
16	16	6	0.000983
16	16	6	0.000514
16	16	6	0.001026
16	16	6	0.000881
16	16	6	0.001098
16	16	6	0.001165
16	16	6	0.000496
16	16	6	0.001160
16	16	6	0.001129
16	16	7	0.000912
16	16	7	0.002315
16	16	7	0.000727
16	16	7	0.001267
16	16	7	0.000803
16	16	7	0.001084
16	16	7	0.001281
16	16	7	0.001297
16	16	7	0.001366
16	16	7	0.001000
16	16	8	0.001403
16	16	8	0.002150
16	16	8	0.000962
16	16	8	0.001764
16	16	8	0.001256
16	16	8	0.002695
16	16	8	0.002110
16	16	8	0.002040
16	16	8	0.000807
16	16	8	0.001090
16	16	9	0.001422
16	16	9	0.001613
16	16	9	0.002606
16	16	9	0.001349
16	16	9	0.001190
16	16	9	0.001831
16	16	9	0.001662
16	16	9	0.001869
16	16	9	0.001018
16	16	9	0.001426
16	16	10	0.001526
16	16	10	0.001932
16	16	10	0.002684
16	16	10	0.002143
16	16	10	0.001420
16	16	10	0.001028
16	16	10	0.001290
16	16	10	0.001506
16	16	10	0.001195
16	16	10	0.001667
16	16	11	0.002456
16	16	11	0.001435
16	16	11	0.001356
16	16	11	0.002290
16	16	11	0.002783
16	16	11	0.002453
16	16	11	0.001023
16	16	11	0.002748
16	16	11	0.001682
16	16	11	0.001438
16	16	12	0.002348
16	16	12	0.002060
16	16	12	0.002161
16	16	12	0.002718
16	16	12	0.001786
16	16	12	0.001623
16	16	12	0.003273
16	16	12	0.002415
16	16	12	0.003020
16	16	12	0.001972
16	16	13	0.002016
16	16	13	0.001518
16	16	13	0.002477
16	16	13	0.003441
16	16	13	0.002930
16	16	13	0.001462
16	16	13	0.001564
16	16	13	0.002404
16	16	13	0.001803
16	16	13	0.002411
16	16	14	0.002287
16	16	14	0.001806
16	16	14	0.003627
16	16	14	0.002708
16	16	14	0.002932
16	16	14	0.002876
16	16	14	0.002163
16	16	14	0.001769
16	16	14	0.002559
16	16	14	0.003608
16	16	15	0.002289
16	16	15	0.002278
16	16	15	0.002508
16	16	15	0.003539
16	16	15	0.003117
16	16	15	0.002787
16	16	15	0.003787
16	16	15	0.002876
16	16	15	0.001807
16	16	15	0.002345
16	16	16	0.004447
16	16	16	0.005226
16	16	16	0.003858
16	16	16	0.004078
16	16	16	0.003833
16	16	16	0.006386
16	16	16	0.004524
16	16	16	0.003845
16	16	16	0.002957
16	16	16	0.004816
16	160	1	0.000072
16	160	1	0.000096
16	160	1	0.000069
16	160	1	0.000066
16	160	1	0.000070
16	160	1	0.000128
16	160	1	0.000068
16	160	1	0.000069
16	160	1	0.000072
16	160	1	0.000069
16	160	2	0.000449
16	160	2	0.000489
16	160	2	0.000367
16	160	2	0.000476
16	160	2	0.000510
16	160	2	0.000364
16	160	2	0.000469
16	160	2	0.000411
16	160	2	0.000941
16	160	2	0.000430
16	160	3	0.000748
16	160	3	0.000698
16	160	3	0.000550
16	160	3	0.000590
16	160	3	0.000474
16	160	3	0.000561
16	160	3	0.000851
16	160	3	0.001024
16	160	3	0.000496
16	160	3	0.000568
16	160	4	0.000710
16	160	4	0.001170
16	160	4	0.001447
16	160	4	0.000687
16	160	4	0.000981
16	160	4	0.001057
16	160	4	0.000813
16	160	4	0.000614
16	160	4	0.000629
16	160	4	0.000947
16	160	5	0.000918
16	160	5	0.001129
16	160	5	0.001340
16	160	5	0.001455
16	160	5	0.000911
16	160	5	0.001155
16	160	5	0.001073
16	160	5	0.001849
16	160	5	0.000775
16	160	5	0.000757
16	160	6	0.000779
16	160	6	0.001291
16	160	6	0.000957
16	160	6	0.001386
16	160	6	0.000925
16	160	6	0.001531
16	160	6	0.001405
16	160	6	0.001067
16	160	6	0.000627
16	160	6	0.001524
16	160	7	0.001570
16	160	7	0.001649
16	160	7	0.001003
16	160	7	0.002263
16	160	7	0.001647
16	160	7	0.001122
16	160	7	0.001315
16	160	7	0.001602
16	160	7	0.001853
16	160	7	0.001767
16	160	8	0.001004
16	160	8	0.001893
16	160	8	0.001109
16	160	8	0.001167
16	160	8	0.002011
16	160	8	0.001819
16	160	8	0.001398
16	160	8	0.001638
16	160	8	0.001422
16	160	8	0.001703
16	160	9	0.001261
16	160	9	0.001631
16	160	9	0.001874
16	160	9	0.003341
16	160	9	0.001497
16	160	9	0.002700
16	160	9	0.001710
16	160	9	0.002583
16	160	9	0.002050
16	160	9	0.001418
16	160	10	0.001635
16	160	10	0.001485
16	160	10	0.002312
16	160	10	0.001227
16	160	10	0.002705
16	160	10	0.001547
16	160	10	0.001379
16	160	10	0.002262
16	160	10	0.002644
16	160	10	0.001291
16	160	11	0.001677
16	160	11	0.001946
16	160	11	0.002406
16	160	11	0.001423
16	160	11	0.003525
16	160	11	0.002572
16	160	11	0.001801
16	160	11	0.002918
16	160	11	0.003832
16	160	11	0.002292
16	160	12	0.001549
16	160	12	0.003273
16	160	12	0.001956
16	160	12	0.003550
16	160	12	0.002766
16	160	12	0.002024
16	160	12	0.003548
16	160	12	0.002443
16	160	12	0.002739
16	160	12	0.003832
16	160	13	0.003760
16	160	13	0.001832
16	160	13	0.002610
16	160	13	0.003006
16	160	13	0.001925
16	160	13	0.001886
16	160	13	0.002648
16	160	13	0.003285
16	160	13	0.001933
16	160	13	0.002697
16	160	14	0.004195
16	160	14	0.003255
16	160	14	0.002547
16	160	14	0.002016
16	160	14	0.003190
16	160	14	0.002441
16	160	14	0.003044
16	160	14	0.002151
16	160	14	0.003605
16	160	14	0.002799
16	160	15	0.002968
16	160	15	0.002912
16	160	15	0.004183
16	160	15	0.004410
16	160	15	0.002286
16	160	15	0.003814
16	160	15	0.002926
16	160	15	0.002504
16	160	15	0.002287
16	160	15	0.002476
16	160	16	0.004844
16	160	16	0.003984
16	160	16	0.003990
16	160	16	0.002357
16	160	16	0.003076
16	160	16	0.003748
16	160	16	0.006256
16	160	16	0.004601
16	160	16	0.003548
16	160	16	0.003982
16	1600	1	0.000486
16	1600	1	0.000451
16	1600	1	0.000440
16	1600	1	0.000469
16	1600	1	0.000918
16	1600	1	0.000474
16	1600	1	0.000459
16	1600	1	0.000466
16	1600	1	0.000436
16	1600	1	0.000687
16	1600	2	0.001136
16	1600	2	0.000986
16	1600	2	0.001099
16	1600	2	0.001368
16	1600	2	0.001020
16	1600	2	0.001151
16	1600	2	0.001000
16	1600	2	0.001508
16	1600	2	0.001164
16	1600	2	0.001029
16	1600	3	0.002310
16	1600	3	0.001572
16	1600	3	0.001890
16	1600	3	0.001537
16	1600	3	0.001619
16	1600	3	0.002049
16	1600	3	0.001819
16	1600	3	0.001298
16	1600	3	0.002003
16	1600	3	0.001839
16	1600	4	0.001988
16	1600	4	0.001581
16	1600	4	0.002720
16	1600	4	0.002217
16	1600	4	0.002068
16	1600	4	0.001914
16	1600	4	0.002081
16	1600	4	0.001594
16	1600	4	0.001897
16	1600	4	0.001814
16	1600	5	0.002233
16	1600	5	0.002293
16	1600	5	0.002615
16	1600	5	0.002196
16	1600	5	0.002695
16	1600	5	0.001907
16	1600	5	0.002094
16	1600	5	0.001995
16	1600	5	0.002219
16	1600	5	0.001965
16	1600	6	0.002442
16	1600	6	0.002902
16	1600	6	0.003670
16	1600	6	0.002708
16	1600	6	0.002422
16	1600	6	0.002981
16	1600	6	0.002311
16	1600	6	0.003059
16	1600	6	0.002194
16	1600	6	0.003770
16	1600	7	0.003784
16	1600	7	0.004357
16	1600	7	0.004445
16	1600	7	0.003007
16	1600	7	0.003429
16	1600	7	0.003112
16	1600	7	0.003669
16	1600	7	0.003445
16	1600	7	0.003116
16	1600	7	0.002465
16	1600	8	0.002607
16	1600	8	0.004300
16	1600	8	0.002955
16	1600	8	0.004442
16	1600	8	0.003566
16	1600	8	0.003477
16	1600	8	0.003704
16	1600	8	0.003099
16	1600	8	0.003144
16	1600	8	0.003537
16	1600	9	0.002778
16	1600	9	0.003914
16	1600	9	0.003986
16	1600	9	0.004850
16	1600	9	0.005073
16	1600	9	0.004320
16	1600	9	0.003333
16	1600	9	0.004183
16	1600	9	0.004950
16	1600	9	0.004280
16	1600	10	0.004133
16	1600	10	0.003513
16	1600	10	0.003489
16	1600	10	0.003730
16	1600	10	0.005136
16	1600	10	0.004331
16	1600	10	0.003553
16	1600	10	0.004987
16	1600	10	0.003990
16	1600	10	0.004382
16	1600	11	0.005133
16	1600	11	0.004146
16	1600	11	0.004347
16	1600	11	0.005298
16	1600	11	0.004065
16	1600	11	0.005120
16	1600	11	0.005190
16	1600	11	0.004362
16	1600	11	0.004362
16	1600	11	0.004343
16	1600	12	0.004584
16	1600	12	0.005349
16	1600	12	0.005667
16	1600	12	0.005507
16	1600	12	0.005434
16	1600	12	0.004653
16	1600	12	0.004595
16	1600	12	0.005816
16	1600	12	0.005169
16	1600	12	0.004656
16	1600	13	0.005018
16	1600	13	0.005188
16	1600	13	0.005219
16	1600	13	0.005668
16	1600	13	0.005041
16	1600	13	0.005189
16	1600	13	0.004713
16	1600	13	0.006255
16	1600	13	0.005757
16	1600	13	0.005247
16	1600	14	0.004944
16	1600	14	0.004572
16	1600	14	0.006167
16	1600	14	0.005341
16	1600	14	0.005714
16	1600	14	0.005084
16	1600	14	0.006275
16	1600	14	0.005819
16	1600	14	0.006217
16	1600	14	0.005537
16	1600	15	0.006268
16	1600	15	0.005713
16	1600	15	0.006246
16	1600	15	0.005578
16	1600	15	0.007169
16	1600	15	0.006856
16	1600	15	0.006139
16	1600	15	0.006360
16	1600	15	0.007246
16	1600	15	0.006584
16	1600	16	0.007820
16	1600	16	0.004598
16	1600	16	0.010514
16	1600	16	0.007753
16	1600	16	0.006407
16	1600	16	0.009368
16	1600	16	0.008119
16	1600	16	0.007190
16	1600	16	0.007095
16	1600	16	0.007550
160	16	1	0.000124
160	16	1	0.000083
160	16	1	0.000070
160	16	1	0.000065
160	16	1	0.000086
160	16	1	0.000092
160	16	1	0.000077
160	16	1	0.000090
160	16	1	0.000081
160	16	1	0.000067
160	16	2	0.000467
160	16	2	0.000411
160	16	2	0.000615
160	16	2	0.000299
160	16	2	0.000599
160	16	2	0.000407
160	16	2	0.000345
160	16	2	0.000487
160	16	2	0.000577
160	16	2	0.000359
160	16	3	0.000381
160	16	3	0.000379
160	16	3	0.000584
160	16	3	0.000371
160	16	3	0.000459
160	16	3	0.000438
160	16	3	0.000451
160	16	3	0.000443
160	16	3	0.000715
160	16	3	0.000928
160	16	4	0.000450
160	16	4	0.000524
160	16	4	0.000933
160	16	4	0.000779
160	16	4	0.000508
160	16	4	0.000519
160	16	4	0.000690
160	16	4	0.000551
160	16	4	0.000981
160	16	4	0.000498
160	16	5	0.001125
160	16	5	0.001614
160	16	5	0.000823
160	16	5	0.000634
160	16	5	0.000925
160	16	5	0.001481
160	16	5	0.001634
160	16	5	0.001325
160	16	5	0.000788
160	16	5	0.000670
160	16	6	0.001307
160	16	6	0.000674
160	16	6	0.001359
160	16	6	0.000671
160	16	6	0.000856
160	16	6	0.000614
160	16	6	0.000773
160	16	6	0.000798
160	16	6	0.000749
160	16	6	0.000805
160	16	7	0.000733
160	16	7	0.001123
160	16	7	0.001360
160	16	7	0.001601
160	16	7	0.001635
160	16	7	0.000973
160	16	7	0.001539
160	16	7	0.000857
160	16	7	0.000850
160	16	7	0.001119
160	16	8	0.002161
160	16	8	0.000885
160	16	8	0.002313
160	16	8	0.000985
160	16	8	0.002703
160	16	8	0.001596
160	16	8	0.001235
160	16	8	0.001422
160	16	8	0.001665
160	16	8	0.001323
160	16	9	0.001956
160	16	9	0.002279
160	16	9	0.001669
160	16	9	0.002027
160	16	9	0.001456
160	16	9	0.002021
160	16	9	0.002538
160	16	9	0.000898
160	16	9	0.001919
160	16	9	0.001113
160	16	10	0.001496
160	16	10	0.001178
160	16	10	0.002618
160	16	10	0.001436
160	16	10	0.001537
160	16	10	0.000847
160	16	10	0.001920
160	16	10	0.000911
160	16	10	0.003218
160	16	10	0.001428
160	16	11	0.001431
160	16	11	0.001709
160	16	11	0.001650
160	16	11	0.001745
160	16	11	0.001867
160	16	11	0.002392
160	16	11	0.001248
160	16	11	0.003025
160	16	11	0.001559
160	16	11	0.002799
160	16	12	0.002934
160	16	12	0.001204
160	16	12	0.001643
160	16	12	0.002994
160	16	12	0.001415
160	16	12	0.003455
160	16	12	0.003075
160	16	12	0.001970
160	16	12	0.002298
160	16	12	0.002223
160	16	13	0.001962
160	16	13	0.001935
160	16	13	0.002711
160	16	13	0.001707
160	16	13	0.001237
160	16	13	0.001980
160	16	13	0.001850
160	16	13	0.002099
160	16	13	0.001624
160	16	13	0.001543
160	16	14	0.002082
160	16	14	0.001755
160	16	14	0.002851
160	16	14	0.002077
160	16	14	0.003513
160	16	14	0.003570
160	16	14	0.014977
160	16	14	0.002693
160	16	14	0.002323
160	16	14	0.001813
160	16	15	0.003060
160	16	15	0.003722
160	16	15	0.002601
160	16	15	0.002971
160	16	15	0.002706
160	16	15	0.003007
160	16	15	0.001871
160	16	15	0.001814
160	16	15	0.002325
160	16	15	0.002065
160	16	16	0.003817
160	16	16	0.003314
160	16	16	0.004037
160	16	16	0.003281
160	16	16	0.003423
160	16	16	0.003546
160	16	16	0.004112
160	16	16	0.003642
160	16	16	0.003065
160	16	16	0.006683
160	160	1	0.000436
160	160	1	0.000586
160	160	1	0.000441
160	160	1	0.000432
160	160	1	0.000463
160	160	1	0.000456
160	160	1	0.000427
160	160	1	0.000427
160	160	1	0.000405
160	160	1	0.000430
160	160	2	0.000586
160	160	2	0.000555
160	160	2	0.001016
160	160	2	0.000716
160	160	2	0.000638
160	160	2	0.000554
160	160	2	0.000791
160	160	2	0.000700
160	160	2	0.000682
160	160	2	0.000896
160	160	3	0.000981
160	160	3	0.001583
160	160	3	0.001042
160	160	3	0.000980
160	160	3	0.000547
160	160	3	0.000631
160	160	3	0.000687
160	160	3	0.001141
160	160	3	0.000615
160	160	3	0.000600
160	160	4	0.001436
160	160	4	0.000785
160	160	4	0.000817
160	160	4	0.000789
160	160	4	0.000634
160	160	4	0.000729
160	160	4	0.000758
160	160	4	0.001015
160	160	4	0.001192
160	160	4	0.002019
160	160	5	0.000917
160	160	5	0.001194
160	160	5	0.000896
160	160	5	0.001058
160	160	5	0.001282
160	160	5	0.000949
160	160	5	0.000775
160	160	5	0.001110
160	160	5	0.001723
160	160	5	0.001264
160	160	6	0.001073
160	160	6	0.001246
160	160	6	0.000936
160	160	6	0.001437
160	160	6	0.000907
160	160	6	0.000883
160	160	6	0.000952
160	160	6	0.000992
160	160	6	0.001015
160	160	6	0.000909
160	160	7	0.001323
160	160	7	0.001642
160	160	7	0.002472
160	160	7	0.001243
160	160	7	0.002485
160	160	7	0.002184
160	160	7	0.001431
160	160	7	0.001249
160	160	7	0.001271
160	160	7	0.002140
160	160	8	0.001977
160	160	8	0.002229
160	160	8	0.001136
160	160	8	0.001401
160	160	8	0.002821
160	160	8	0.001414
160	160	8	0.001888
160	160	8	0.001367
160	160	8	0.000931
160	160	8	0.001336
160	160	9	0.002994
160	160	9	0.001251
160	160	9	0.001346
160	160	9	0.001347
160	160	9	0.002032
160	160	9	0.001570
160	160	9	0.001832
160	160	9	0.002628
160	160	9	0.002059
160	160	9	0.001690
160	160	10	0.001685
160	160	10	0.002315
160	160	10	0.001632
160	160	10	0.002618
160	160	10	0.001762
160	160	10	0.001761
160	160	10	0.002933
160	160	10	0.002942
160	160	10	0.002646
160	160	10	0.001546
160	160	11	0.001770
160	160	11	0.002659
160	160	11	0.003050
160	160	11	0.003664
160	160	11	0.001458
160	160	11	0.001666
160	160	11	0.002691
160	160	11	0.002660
160	160	11	0.003020
160	160	11	0.002223
160	160	12	0.002689
160	160	12	0.001944
160	160	12	0.004711
160	160	12	0.001947
160	160	12	0.002331
160	160	12	0.002734
160	160	12	0.001988
160	160	12	0.003219
160	160	12	0.003935
160	160	12	0.002674
160	160	13	0.002168
160	160	13	0.003371
160	160	13	0.002314
160	160	13	0.002899
160	160	13	0.003442
160	160	13	0.001927
160	160	13	0.002326
160	160	13	0.002247
160	160	13	0.004315
160	160	13	0.001773
160	160	14	0.004048
160	160	14	0.002136
160	160	14	0.002653
160	160	14	0.002358
160	160	14	0.002021
160	160	14	0.002415
160	160	14	0.002205
160	160	14	0.002640
160	160	14	0.003187
160	160	14	0.002254
160	160	15	0.002512
160	160	15	0.001552
160	160	15	0.003693
160	160	15	0.003472
160	160	15	0.002697
160	160	15	0.001395
160	160	15	0.003199
160	160	15	0.003116
160	160	15	0.003135
160	160	15	0.002844
160	160	16	0.004967
160	160	16	0.003833
160	160	16	0.003134
160	160	16	0.006411
160	160	16	0.005980
160	160	16	0.003228
160	160	16	0.003672
160	160	16	0.003156
160	160	16	0.003814
160	160	16	0.004528
160	1600	1	0.004450
160	1600	1	0.004695
160	1600	1	0.004980
160	1600	1	0.005461
160	1600	1	0.004739
160	1600	1	0.005102
160	1600	1	0.005280
160	1600	1	0.004597
160	1600	1	0.004870
160	1600	1	0.004742
160	1600	2	0.003381
160	1600	2	0.003505
160	1600	2	0.003359
160	1600	2	0.003556
160	1600	2	0.003162
160	1600	2	0.003763
160	1600	2	0.003036
160	1600	2	0.003424
160	1600	2	0.003464
160	1600	2	0.003016
160	1600	3	0.002913
160	1600	3	0.004207
160	1600	3	0.003327
160	1600	3	0.002757
160	1600	3	0.003192
160	1600	3	0.002860
160	1600	3	0.004709
160	1600	3	0.002968
160	1600	3	0.003613
160	1600	3	0.003649
160	1600	4	0.003197
160	1600	4	0.002955
160	1600	4	0.003432
160	1600	4	0.003449
160	1600	4	0.003827
160	1600	4	0.002758
160	1600	4	0.003041
160	1600	4	0.003909
160	1600	4	0.003591
160	1600	4	0.003070
160	1600	5	0.002853
160	1600	5	0.003108
160	1600	5	0.003605
160	1600	5	0.003107
160	1600	5	0.003645
160	1600	5	0.003987
160	1600	5	0.004191
160	1600	5	0.003955
160	1600	5	0.003735
160	1600	5	0.003332
160	1600	6	0.003560
160	1600	6	0.003596
160	1600	6	0.004647
160	1600	6	0.004109
160	1600	6	0.003945
160	1600	6	0.003970
160	1600	6	0.004549
160	1600	6	0.004413
160	1600	6	0.003846
160	1600	6	0.003670
160	1600	7	0.005187
160	1600	7	0.003767
160	1600	7	0.004730
160	1600	7	0.010719
160	1600	7	0.004181
160	1600	7	0.005124
160	1600	7	0.004910
160	1600	7	0.003982
160	1600	7	0.003963
160	1600	7	0.004785
160	1600	8	0.003803
160	1600	8	0.004186
160	1600	8	0.004021
160	1600	8	0.004708
160	1600	8	0.004512
160	1600	8	0.004424
160	1600	8	0.004155
160	1600	8	0.003568
160	1600	8	0.005032
160	1600	8	0.003922
160	1600	9	0.004822
160	1600	9	0.004924
160	1600	9	0.004725
160	1600	9	0.004497
160	1600	9	0.004255
160	1600	9	0.005291
160	1600	9	0.004392
160	1600	9	0.003789
160	1600	9	0.004680
160	1600	9	0.004511
160	1600	10	0.005685
160	1600	10	0.005574
160	1600	10	0.004296
160	1600	10	0.004350
160	1600	10	0.005503
160	1600	10	0.004522
160	1600	10	0.004198
160	1600	10	0.004520
160	1600	10	0.005529
160	1600	10	0.005171
160	1600	11	0.004792
160	1600	11	0.005078
160	1600	11	0.005055
160	1600	11	0.005099
160	1600	11	0.004929
160	1600	11	0.005065
160	1600	11	0.004858
160	1600	11	0.005279
160	1600	11	0.005004
160	1600	11	0.005630
160	1600	12	0.005319
160	1600	12	0.006316
160	1600	12	0.005744
160	1600	12	0.005076
160	1600	12	0.006529
160	1600	12	0.005368
160	1600	12	0.005547
160	1600	12	0.004956
160	1600	12	0.005085
160	1600	12	0.005005
160	1600	13	0.006284
160	1600	13	0.006779
160	1600	13	0.006870
160	1600	13	0.005320
160	1600	13	0.005071
160	1600	13	0.007292
160	1600	13	0.007698
160	1600	13	0.006515
160	1600	13	0.005373
160	1600	13	0.006607
160	1600	14	0.006292
160	1600	14	0.006150
160	1600	14	0.005663
160	1600	14	0.007000
160	1600	14	0.006414
160	1600	14	0.005973
160	1600	14	0.005831
160	1600	14	0.006310
160	1600	14	0.005696
160	1600	14	0.006074
160	1600	15	0.006543
160	1600	15	0.006855
160	1600	15	0.006847
160	1600	15	0.007626
160	1600	15	0.006647
160	1600	15	0.007859
160	1600	15	0.006545
160	1600	15	0.007403
160	1600	15	0.006495
160	1600	15	0.006351
160	1600	16	0.009772
160	1600	16	0.012102
160	1600	16	0.007578
160	1600	16	0.007059
160	1600	16	0.008466
160	1600	16	0.008109
160	1600	16	0.010006
160	1600	16	0.008738
160	1600	16	0.009993
160	1600	16	0.008011
1600	16	1	0.000478
1600	16	1	0.000441
1600	16	1	0.000426
1600	16	1	0.000421
1600	16	1	0.000417
1600	16	1	0.000416
1600	16	1	0.000539
1600	16	1	0.000424
1600	16	1	0.000490
1600	16	1	0.000434
1600	16	2	0.000623
1600	16	2	0.000854
1600	16	2	0.000578
1600	16	2	0.000893
1600	16	2	0.000735
1600	16	2	0.000670
1600	16	2	0.000653
1600	16	2	0.000488
1600	16	2	0.000501
1600	16	2	0.000489
1600	16	3	0.000773
1600	16	3	0.000519
1600	16	3	0.000447
1600	16	3	0.000605
1600	16	3	0.000523
1600	16	3	0.000655
1600	16	3	0.000571
1600	16	3	0.000514
1600	16	3	0.000486
1600	16	3	0.000964
1600	16	4	0.000909
1600	16	4	0.000517
1600	16	4	0.001184
1600	16	4	0.000733
1600	16	4	0.000749
1600	16	4	0.000584
1600	16	4	0.000543
1600	16	4	0.001121
1600	16	4	0.001202
1600	16	4	0.000557
1600	16	5	0.000753
1600	16	5	0.001436
1600	16	5	0.001430
1600	16	5	0.001778
1600	16	5	0.000806
1600	16	5	0.000916
1600	16	5	0.000950
1600	16	5	0.001599
1600	16	5	0.000746
1600	16	5	0.000899
1600	16	6	0.000859
1600	16	6	0.001799
1600	16	6	0.001381
1600	16	6	0.000901
1600	16	6	0.001025
1600	16	6	0.001266
1600	16	6	0.001206
1600	16	6	0.001495
1600	16	6	0.001533
1600	16	6	0.001639
1600	16	7	0.001222
1600	16	7	0.001068
1600	16	7	0.000783
1600	16	7	0.001884
1600	16	7	0.001496
1600	16	7	0.001625
1600	16	7	0.001366
1600	16	7	0.000749
1600	16	7	0.001520
1600	16	7	0.001116
1600	16	8	0.001353
1600	16	8	0.002784
1600	16	8	0.001044
1600	16	8	0.001425
1600	16	8	0.001619
1600	16	8	0.000933
1600	16	8	0.002117
1600	16	8	0.001559
1600	16	8	0.002429
1600	16	8	0.001287
1600	16	9	0.002342
1600	16	9	0.002111
1600	16	9	0.001565
1600	16	9	0.001414
1600	16	9	0.001710
1600	16	9	0.001896
1600	16	9	0.001582
1600	16	9	0.001026
1600	16	9	0.002628
1600	16	9	0.002073
1600	16	10	0.001511
1600	16	10	0.001529
1600	16	10	0.002614
1600	16	10	0.002067
1600	16	10	0.001155
1600	16	10	0.002025
1600	16	10	0.001888
1600	16	10	0.001763
1600	16	10	0.002480
1600	16	10	0.002560
1600	16	11	0.001603
1600	16	11	0.001737
1600	16	11	0.001638
1600	16	11	0.001434
1600	16	11	0.001390
1600	16	11	0.003150
1600	16	11	0.002523
1600	16	11	0.002293
1600	16	11	0.001467
1600	16	11	0.001474
1600	16	12	0.001486
1600	16	12	0.001329
1600	16	12	0.002010
1600	16	12	0.002762
1600	16	12	0.001638
1600	16	12	0.002840
1600	16	12	0.003329
1600	16	12	0.001474
1600	16	12	0.002308
1600	16	12	0.001901
1600	16	13	0.003337
1600	16	13	0.001522
1600	16	13	0.002123
1600	16	13	0.002861
1600	16	13	0.003096
1600	16	13	0.002858
1600	16	13	0.004073
1600	16	13	0.002332
1600	16	13	0.002110
1600	16	13	0.004308
1600	16	14	0.001791
1600	16	14	0.002116
1600	16	14	0.003113
1600	16	14	0.002774
1600	16	14	0.002007
1600	16	14	0.002791
1600	16	14	0.002268
1600	16	14	0.002598
1600	16	14	0.002041
1600	16	14	0.002223
1600	16	15	0.003737
1600	16	15	0.004078
1600	16	15	0.003450
1600	16	15	0.001779
1600	16	15	0.004441
1600	16	15	0.004697
1600	16	15	0.001827
1600	16	15	0.003783
1600	16	15	0.003062
1600	16	15	0.002385
1600	16	16	0.007574
1600	16	16	0.004239
1600	16	16	0.003465
1600	16	16	0.003427
1600	16	16	0.004205
1600	16	16	0.004349
1600	16	16	0.004752
1600	16	16	0.003564
1600	16	16	0.003311
1600	16	16	0.005429
1600	160	1	0.004093
1600	160	1	0.003943
1600	160	1	0.004191
1600	160	1	0.004025
1600	160	1	0.004099
1600	160	1	0.003969
1600	160	1	0.004117
1600	160	1	0.003984
1600	160	1	0.004571
1600	160	1	0.004875
1600	160	2	0.002418
1600	160	2	0.004527
1600	160	2	0.002445
1600	160	2	0.002358
1600	160	2	0.002519
1600	160	2	0.002333
1600	160	2	0.002402
1600	160	2	0.002378
1600	160	2	0.002429
1600	160	2	0.002385
1600	160	3	0.001697
1600	160	3	0.001875
1600	160	3	0.001776
1600	160	3	0.002036
1600	160	3	0.002308
1600	160	3	0.002251
1600	160	3	0.002102
1600	160	3	0.001938
1600	160	3	0.002041
1600	160	3	0.003083
1600	160	4	0.002826
1600	160	4	0.002042
1600	160	4	0.002427
1600	160	4	0.001993
1600	160	4	0.002787
1600	160	4	0.001703
1600	160	4	0.001850
1600	160	4	0.002155
1600	160	4	0.001953
1600	160	4	0.001998
1600	160	5	0.002787
1600	160	5	0.001629
1600	160	5	0.001839
1600	160	5	0.001960
1600	160	5	0.001566
1600	160	5	0.002076
1600	160	5	0.002633
1600	160	5	0.001700
1600	160	5	0.002156
1600	160	5	0.002358
1600	160	6	0.002169
1600	160	6	0.002260
1600	160	6	0.002695
1600	160	6	0.002780
1600	160	6	0.002104
1600	160	6	0.002200
1600	160	6	0.003281
1600	160	6	0.001688
1600	160	6	0.002228
1600	160	6	0.002072
1600	160	7	0.002367
1600	160	7	0.003488
1600	160	7	0.002521
1600	160	7	0.002856
1600	160	7	0.002233
1600	160	7	0.001958
1600	160	7	0.002667
1600	160	7	0.003013
1600	160	7	0.002012
1600	160	7	0.002524
1600	160	8	0.002123
1600	160	8	0.002547
1600	160	8	0.003134
1600	160	8	0.002232
1600	160	8	0.003592
1600	160	8	0.001986
1600	160	8	0.003941
1600	160	8	0.002385
1600	160	8	0.002316
1600	160	8	0.014952
1600	160	9	0.002638
1600	160	9	0.002041
1600	160	9	0.002219
1600	160	9	0.003078
1600	160	9	0.002867
1600	160	9	0.002544
1600	160	9	0.002412
1600	160	9	0.002461
1600	160	9	0.003282
1600	160	9	0.003525
1600	160	10	0.002304
1600	160	10	0.003371
1600	160	10	0.002511
1600	160	10	0.002349
1600	160	10	0.012192
1600	160	10	0.003978
1600	160	10	0.002468
1600	160	10	0.001993
1600	160	10	0.003498
1600	160	10	0.003483
1600	160	11	0.002531
1600	160	11	0.002510
1600	160	11	0.002471
1600	160	11	0.003086
1600	160	11	0.003168
1600	160	11	0.002714
1600	160	11	0.003568
1600	160	11	0.002208
1600	160	11	0.002577
1600	160	11	0.004877
1600	160	12	0.004363
1600	160	12	0.004169
1600	160	12	0.002296
1600	160	12	0.004880
1600	160	12	0.002521
1600	160	12	0.003465
1600	160	12	0.003798
1600	160	12	0.004488
1600	160	12	0.002849
1600	160	12	0.004620
1600	160	13	0.004010
1600	160	13	0.002974
1600	160	13	0.002952
1600	160	13	0.002240
1600	160	13	0.002464
1600	160	13	0.002490
1600	160	13	0.003223
1600	160	13	0.002315
1600	160	13	0.003086
1600	160	13	0.004651
1600	160	14	0.002868
1600	160	14	0.003691
1600	160	14	0.003328
1600	160	14	0.002529
1600	160	14	0.002885
1600	160	14	0.002952
1600	160	14	0.004753
1600	160	14	0.003856
1600	160	14	0.002990
1600	160	14	0.002631
1600	160	15	0.003600
1600	160	15	0.002955
1600	160	15	0.002608
1600	160	15	0.004455
1600	160	15	0.004490
1600	160	15	0.005148
1600	160	15	0.003805
1600	160	15	0.003743
1600	160	15	0.004483
1600	160	15	0.004359
1600	160	16	0.005304
1600	160	16	0.004414
1600	160	16	0.007863
1600	160	16	0.004520
1600	160	16	0.004534
1600	160	16	0.005549
1600	160	16	0.007215
1600	160	16	0.005594
1600	160	16	0.007082
1600	160	16	0.005738
1600	1600	1	0.060453
1600	1600	1	0.058183
1600	1600	1	0.060560
1600	1600	1	0.060076
1600	1600	1	0.059613
1600	1600	1	0.062680
1600	1600	1	0.059308
1600	1600	1	0.060204
1600	1600	1	0.058234
1600	1600	1	0.058515
1600	1600	2	0.023497
1600	1600	2	0.025994
1600	1600	2	0.024814
1600	1600	2	0.029784
1600	1600	2	0.026019
1600	1600	2	0.024836
1600	1600	2	0.024918
1600	1600	2	0.024833
1600	1600	2	0.025749
1600	1600	2	0.024457
1600	1600	3	0.016814
1600	1600	3	0.023367
1600	1600	3	0.016715
1600	1600	3	0.018313
1600	1600	3	0.019281
1600	1600	3	0.026573
1600	1600	3	0.021694
1600	1600	3	0.016515
1600	1600	3	0.020962
1600	1600	3	0.017050
1600	1600	4	0.015288
1600	1600	4	0.014846
1600	1600	4	0.014570
1600	1600	4	0.014726
1600	1600	4	0.022824
1600	1600	4	0.022675
1600	1600	4	0.014600
1600	1600	4	0.015307
1600	1600	4	0.021243
1600	1600	4	0.016040
1600	1600	5	0.016455
1600	1600	5	0.014657
1600	1600	5	0.018973
1600	1600	5	0.019701
1600	1600	5	0.020269
1600	1600	5	0.019971
1600	1600	5	0.019719
1600	1600	5	0.015060
1600	1600	5	0.018847
1600	1600	5	0.019157
1600	1600	6	0.016997
1600	1600	6	0.016790
1600	1600	6	0.016600
1600	1600	6	0.014724
1600	1600	6	0.015508
1600	1600	6	0.014032
1600	1600	6	0.014180
1600	1600	6	0.017165
1600	1600	6	0.015087
1600	1600	6	0.016491
1600	1600	7	0.015984
1600	1600	7	0.012420
1600	1600	7	0.016186
1600	1600	7	0.015132
1600	1600	7	0.015015
1600	1600	7	0.014840
1600	1600	7	0.014577
1600	1600	7	0.015192
1600	1600	7	0.012530
1600	1600	7	0.014796
1600	1600	8	0.013350
1600	1600	8	0.015653
1600	1600	8	0.014331
1600	1600	8	0.014482
1600	1600	8	0.014390
1600	1600	8	0.013971
1600	1600	8	0.013732
1600	1600	8	0.013485
1600	1600	8	0.015236
1600	1600	8	0.014463
1600	1600	9	0.013407
1600	1600	9	0.013632
1600	1600	9	0.013548
1600	1600	9	0.014348
1600	1600	9	0.012635
1600	1600	9	0.012874
1600	1600	9	0.013827
1600	1600	9	0.013269
1600	1600	9	0.014277
1600	1600	9	0.012574
1600	1600	10	0.014086
1600	1600	10	0.012768
1600	1600	10	0.012434
1600	1600	10	0.012531
1600	1600	10	0.012419
1600	1600	10	0.012173
1600	1600	10	0.012600
1600	1600	10	0.012404
1600	1600	10	0.012588
1600	1600	10	0.012496
1600	1600	11	0.013975
1600	1600	11	0.012874
1600	1600	11	0.012851
1600	1600	11	0.012007
1600	1600	11	0.012154
1600	1600	11	0.012296
1600	1600	11	0.013998
1600	1600	11	0.013613
1600	1600	11	0.012677
1600	1600	11	0.012433
1600	1600	12	0.014499
1600	1600	12	0.012438
1600	1600	12	0.012602
1600	1600	12	0.014032
1600	1600	12	0.011835
1600	1600	12	0.012329
1600	1600	12	0.013476
1600	1600	12	0.011978
1600	1600	12	0.011431
1600	1600	12	0.013525
1600	1600	13	0.013529
1600	1600	13	0.013782
1600	1600	13	0.012338
1600	1600	13	0.013796
1600	1600	13	0.013878
1600	1600	13	0.013179
1600	1600	13	0.012893
1600	1600	13	0.012084
1600	1600	13	0.011670
1600	1600	13	0.012676
1600	1600	14	0.015594
1600	1600	14	0.013394
1600	1600	14	0.012272
1600	1600	14	0.012783
1600	1600	14	0.013150
1600	1600	14	0.013546
1600	1600	14	0.012359
1600	1600	14	0.013797
1600	1600	14	0.012234
1600	1600	14	0.011584
1600	1600	15	0.013989
1600	1600	15	0.014118
1600	1600	15	0.013083
1600	1600	15	0.012684
1600	1600	15	0.013365
1600	1600	15	0.012232
1600	1600	15	0.014409
1600	1600	15	0.013430
1600	1600	15	0.013204
1600	1600	15	0.012361
1600	1600	16	0.015932
1600	1600	16	0.015170
1600	1600	16	0.013664
1600	1600	16	0.015877
1600	1600	16	0.014322
1600	1600	16	0.015504
1600	1600	16	0.017535
1600	1600	16	0.017277
1600	1600	16	0.015041
1600	1600	16	0.018285
